01010110100110011101110000000000
01100100110111111011001000000000
01001101110100001000001101110101
01011100011101011010000000000100
01010011101101110010011000000011
01011001010011010000001110001101
01011100001100100001010000000000
01010010101001101010010000011001
01001110000111110011000111101010
01001111111010000010111110111110
01100101010101011100000000000000
01001001111111010100101001010110
01011110010100000111000100010001
01011111100001011100101100000000
01001101010110010100010000000000
01001111100000110001010101110011
01010101010000110111011000000000
01010101011110111000001000001000
01010011100101011101010000000000
01100011000011010100001000000000
01011111000101000111000000000000
01001111101100001110010010100100
01001100101010000111101000000001
01100101001011101100100000000000
01010010000010011111101000000000
01010010111010011001100110110000
01010001011001100011101000000000
01100011010001011000011000000000
01010011100110000111100001101010
01000000011000001101000110101010
01011001101010000010110000000000
01011101000101010011000000000000
01001011110100101100001100001011
01011111010101110010001000000000
01010110100000010000011000100101
01010010110001001001101110100111
01001111110111010100111001010010
01011111110110011100011000000000
01010011100110110100101000000000
01010000100000011100000100000010
01010100101011000100010001100110
01010001000110100000000000100110
01010101110010011001111000000000
01010100001111111111000000010111
01010001100011011110001000000000
01001100101101000110101010111110
01011000001011101010000000000000
01010010101001011001001100001011
01010010000000110001001010001011
01010011110101110100111000000000
01010011000111000110110000000000
01001100111011111010000100000111
01010010010111010010111101001100
01001000000001001010011101101111
01001010101011100010011010000001
01010000111100111001010000000000
01001101001000011100101011000001
01010010011110011011100000000001
01100111111011001000100000000000
01100001001111010111100000000000
01010101111100111011011100100010
01011010100011111000111000000001
01010010010110110011111110111100
01011011001110010100000000000000
01011110100110111010011000000000
01011011000011110010000000000000
01011000011011100011100000000001
01010001010010010000000000000000
01010010101000001101010100000000
01001110101011111000100110010010
01011010110001111101000000000000
01001111111001010110011010111011
01010110001101111011100100010000
01100001011101111010110000000000
01010110100101011110100000000001
01001111001000010111000000000000
01001101100010111110110000000010
01100010100010001001100000000000
01000111100000011101010100011100
01100110010011010000000000000000
01010000100110101000000110001100
01001000100001010101100010010100
01010101001001111110111110100010
01010011011101011010000000010000
01101000111111111001000000000000
01010010010100001110101011010110
01100011000111100011010000000000
01001110110100101111000110101011
01010111001101010100111011111010
01011101100100001010110000000001
01010111110000100001000000000000
01101010100111111000010000000000
01010011101100000010110010001010
01001111001101100100011010010101
01001110000001000101110000000001
01010000011100000100010000000000
01000111100100000010010000001110
01010110010010010001100000000011
01001001010110110110101000011101
01100110101000101011100000000000
01001001010101001011111011101110
01001100100100110111010101000011
01011011011101000001010000000000
01010000010101010010011010000111
01010110110011110101001000000000
01000100011101010111111110101111
01011101101100100001010000010000
01001111110110100111000000000001
01010111101001011000001110101110
01010010010000001000010001100000
01001001000111001000111010011000
01011001011111111101110000000000
01001100111100001110010111100011
01011010110111100101001000000000
01010100011010111011101010001110
01010001101001110010011111001111
01010101000101001111100000000010
01010011011001011100010001110111
01010111111111010000011000000101
01100101010001101000101000000000
01001110110111010001010001011010
01001001001001110110101000001110
01010010100001010010001000110111
01011011001110101100100000000000
01100010110111000000000000000000
01010101100111111111011000000000
01010110111010011100101000011010
01001001100011000010110001011010
01001111110100100100011001000110
01010001001011001111100000000111
01100010111111010010000000000000
01000001100001000111000101001011
01010110000111111001000000111001
01010100101111010011111111010010
01001110101000101100111000110110
01001011111001101100101100011111
01001000001010111111111000111000
01011000100110111001000000000000
01010111110111000001011000000000
01011001110100110000101000000000
01011100000110101111010110110010
01010000011000010100100011110000
01000000111010100111100001111011
01011001011010100101111000000000
01011001101001111010101100011101
01010100101000000100011001101110
01101001011011110110110000000000
01011011111000001011111000000000
01010000001111100111011011001001
01010111010011011011011000000000
01010110001001110101100000000000
01010001110010111010101000000000
01011110110100111100001000000011
01010001101001011101011000011101
01000101000010111100111011100110
01011100001010000010110000000001
01011000001101101110010000101001
01010100111101011111011000010110
01010001110100100001010011111010
01100101101111101001011000000000
01010100001100000000100000000010
01010110010100101111000110101011
01010011110001000010110000000000
01010101111001001000110010010011
01010101000101111000111000100001
01010001011101110100110110011100
01010100001001011110000011010011
01101000000100111111110000000000
01011100001001001000100000000000
01011101110011000100000000000000
01010011010010001011010000111010
01100011100111000011111100000000
01010100001010011111101111101000
01001010011101011100001100001000
01010110101110001001110000000000
01010001011101100110100000000000
01010101011110011011100000000000
01010100010111110110000100110111
01011100111001100000000000000000
01001111011000110101001111111001
01010001100001011011010000000000
01011101000111000011011100000000
01000101100010111011000101110101
01011001010001101000101000001100
01100101011000111111101000000000
01010101010111110111101001010110
01001001110000111001101011011101
01011010001111000101000000010010
01010100001000010111000000000000
01010010101100100000010100000100
01010010001000111111101001101010
01010000101101100100010110100010
01000110011101111100110101001001
01100011010001001111111000000000
01011101111000000010001000011011
01011100100001010000000000000100
01010101110110010001011010001000
01011001101001111011111110001111
01010000101010001100000000000000
01000101000110111101000000011010
01010000001111000111000010110100
01011110001000101011100000000000
01001100000000000000000000010101
01001100010011101011111000000100
01000101010001110111000000000000
01001100010101001000111001101000
01010111110101001011001000000000
01010111101100001111100100100101
01010001111111011111001111001111
01010011100000010000011000100111
01010011001110101001111010110101
01101000101010111001000000000000
01010101110000110101101011010001
01000101100000010000101100011111
01010110110000101011100000000000
01010000010101100100101000000000
01001110101011100001010010000101
01011001011111010000110001110111
01011001100100101011010000000000
01100011101111111010110000000000
01010001110000110111101000001100
01011110001101110010011000000000
01001100110010101001001000000010
01010001000110011001100110011100
01100010111010111010011000000000
01011011100010000110010000000000
01010101011100111101000000000000
01010010001001100010001001010110
01010111000000111111100100000000
01010111101011001010010100000011
01011101000101000001011000000000
01010101111010001000110000011001
01010101101100100010110100001111
01010100110110000101111110001101
01010010111010001000110000000001
01100001010000101100000000000000
01010110110011101111000000000000
01010000100010000111010000000001
01010110111101101100000000011111
01010010000011000000000000000000
01001111010101101000000000101111
01000101001000100010110110011110
01010010101110111101100011010101
01001111110111010011010100100001
01010101110001001001101110100110
01011110110100011010000000011111
01001101111010001001101000100101
01011001100000011111110000000000
01011111111011110000101000000000
01011001010011111001000000000000
01010001101111001001100001011000
01010011000011110001110000000000
01010011000011000010100000000010
01100001000010111000110000000000
01010001010011001101100100000000
01011011101110110011010100000000
01000111101010001111001110010010
01011110001011010010010100000000
01010011110110110110000000000000
01010110111101011101000001100001
01011100100111000110110000000000
01100001100011010100001000000000
01010100101101011001101000001010
01100100010111000110000000000000
01001000001111011000111010010100
01100001001101100010110000000000
01000011110001111101011100110011
01010110101010111001101100000000
01101000101011011100000000000000
01100011101011001111100000000000
01011110000110010010001100000000
01010111101111000101000000000000
01001111011100111100011011111000
01001110010110100001010100000110
01010100000010100111010100000000
01000110010110000110011011110011
01011000001001011001000111000011
01010001110110010001011100110110
01100100100111001100110000000000
01010011001010101010100000000000
01010011011001000111000101110001
01001101110110000001101000000000
01011011001011011110010100000000
01001001011011011001001100000000
01010000100100110110000000000000
01001010000111001101101110011110
01011000101101011001110000000000
01100000010110110100011000000000
01010011101011110101110000000000
01001110111100011110000000000000
01100001101110010100000000000000
01010010000001111010000100000010
01001101101001101000011000000000
01001101111101101000001001010010
01010001101111100101110000000000
01011100101101000000000000000100
01100010001010001000011100000000
01011000101000111100101110101110
01010101000011100101000000000000
01001101110010010001100000010111
01011010100101111001100000000000
01001000100100010100001100010110
01001010111001010110000001001110
01001111101110010010101100000000
01010100001011000000100000110010
01100110110110101010001000000000
01100011000101111001100100000000
01011001011000010000000000000010
01001101111110101000100010011100
01000110110001101010100011010100
01000011010101110101010101011100
01000111100110100110010000000100
01011000111001010010001000000000
01001011110111110100000000000101
01011011001010001101001000000000
01011011100100000100111000000000
01000101110100111010010011101111
01011010111010100101111000000000
01001011010000110101111111100011
01011101011011010100111000000000
01001101110000100000101011100001
01010110110100010110001100101111
01100001000010100010101000000000
01010011001101110011100100011111
01000111110010110001101100000010
01001100111110000001110000000001
01100010100000111101011000000000
01010001110000011101011101110001
01011110101010101001000100000000
01100000101011001111100000000000
01100101111010110110111000000000
01011000111010100110001000011001
01001010001111010111100000000110
01001111101011111010100100001001
01011110001110001100001100000000
01010100101010001010111101011100
01001111111010010111100011010110
01010100111111110000010111010011
01010011011001100100011000000000
01011110010100011100111000000000
01001110100010110100100010010000
01101101001011101100100000000000
01010101011101111000000000000000
01010100000010010111011001101101
01011000110001111110000101110101
01011001100000101001010000000001
01010100001010000101011100000000
01100001110111000000111000000000
01010011101000100110111000111000
01010101011101000110000000000000
01010000000101110010110000001011
01010100100100101110010000000000
01000101111111100000000011111110
01011001000010100001000000000000
01010110000110101010110100000000
01010001100010110000100000101101
01000110100101001010111100001001
01010010010000111000001111010011
01100000010010100111100000000000
01010110111010101101001000000000
01010101110110110110100000000000
01001110101110011000110000000000
01001010110111010100011100011011
01010100011111101110001100100111
01010001100110111010010111101101
01001111100111101000111111100110
01010110110001010101000000000000
01011000000001100000101000000000
01100011000011000010101000000000
01010110010001101000101001011000
01001110100000111111100000000000
01010111110000100100111000000000
01010100100100100101101000000000
01010001001011001110100110100100
01011001111001110000000000000000
01001101011010110001110111010011
01011100100111000110110000000000
01011000011010001000010000011001
01001101001000100111011100000000
01011100111001111001000000000000
01000100101100111100111001010000
01001111110101001111110111110100
01001100101000111010101110000101
01011000101110010101011001000110
01100100000010111100100000000000
01001111110101001111110111110100
01010100000010100010000000000000
01001101100100111111100000111100
01011011101110101111010100000000
01001010110001101010110000100001
01010011100110111101110000000000
01000101001101100110011100010010
01011000000011101101110000000000
01101001110100110101011000000000
01010101110110110110000000000011
01010101010000100101111110101110
01010011011101111100111111000010
01011010110101101010101000000000
01000100011000111100000001001110
01011101010100011100111000000110
01100101011010010011000000000000
01010011100101111000110110000000
01001001110110010001100001110001
01010010001111000001011111010111
01010110001101100100011011100010
01011101100001101100101000000000
01010100011100011110000000000000
01011101000111000110110000000000
01001110001001111111001011101111
01001110001111010101000011111000
01101000111010100100100000000000
01001101000100101100010000000100
01010100010110010111101100111011
01001101101001011110001101100000
01001100100101100111001000000000
01001001100010000101011100111111
01100011001111000101100000000000
01001011111100111010010011000001
01011011010001101000101111101100
01001110100011111100111001110101
01011000100010101000110010011000
01010011001101000101100001010010
01011100000000010100000000000000
01010001010100001110010101100001
01100000110000000010100000000000
01010101010011010000000000000000
01010101101010110110001100000000
01010100010000110111011000000000
01001101010100100101001001110011
01010000010000100011110100000000
01010111111010011001111110011110
01011011101111001111011100000000
01100100011111000000000000000000
01011100110000110111011000000000
01010111111000011011001111111000
01001001010110100111111001010010
01010100001000001001010100000110
01010011011101001111100000000000
01001001101111011000111001101111
01100100010100100011111100000000
01010011100101001100100000000000
01010011111001101100101000010110
01011010000011010101000000000000
01011100111000011000000000000000
01101000010000101011100000000000
01001111100110101010110100000001
01010100001101000011110000101011
01100011011101000100010000000000
01010001100000110010000101110001
01010011001100100001011000000100
01010111111111111010101101011100
01011101001110100100010000000000
01011111011100100001101000000000
01000100111011101110110101011000
01011001110110010100000000000000
01001110101001100110000000000000
01100011000111101110000000000000
01001101100101100110011000001000
01010110000011101001001000000000
01010100011100011010100111111101
01010101000001011100001101000011
01000001111110010000000001111100
01011011100000010011101011011001
01010011010001011001001000000000
01100011010011111100001000000000
01010100101101011001011100000000
01010011010101001111110111110111
01010101011100011000100000000000
01011110000101001000010100000000
01100001000010001010101000000000
01001001000101010011010101000000
01010100101101110011100000000000
01010101101011011100111011001001
01000100100110111110110101101101
01011000101010111111000000000000
01100001101001000000011000000000
01011100100101100111001000000000
01001000110100010000000011010010
01001010100101111100100010110100
01010011100110111010010111100101
01001000000000001010110001010010
01010011100011100111111100010010
01011010010010011001111000000000
01101000000010111101101000000000
01011010101001100110000000000110
01010000111101000000000110101110
01001011110001001111011110001101
01010111101100010011000000000000
01100110001111101011100100000000
01010110000000000100101111000111
01010110010010011001111000000000
01001100100000111110100000000000
01010000010011101111101011100001
01010101110100100000100000000000
01011111100010001010101000000000
01010000011111011111001110110111
01010011101111000110101100101010
01100110110001000100101000000000
01011011000010010110101000000000
01100011011111011101110000000000
01001111000100110111010010111101
01011011000110101100100000000000
01010010100001010010000011001000
01011111101111101001011000000010
01010100000101011000000100000111
01010011111111011001101111010011
01001110001101001011110101011111
01100000010001001010000000000000
01010010101010011010010000000000
00111111111000101010111101101011
01010111010110011111111001101111
01010101100100111010100000000000
01001010011101100100000000000111
01011001100001011001001000000000
01010100101011001111100000000000
01001001011000011101011001110011
01010011011010110001010101111001
01010101000101000000100100011100
01010000010001001110001100010100
01010110111001110000000101111001
01010000000101011111110000101111
01100001010110100010001000000000
01010101110000101000111111101110
01011100100000000010010000000000
01010000000100010110100001110011
01010011010011110010101100101101
01001001011000010110111110100110
01010010010000000111001000000010
01101011011010000110110000000000
01010000010001001101110100111000
01010001101111100111011011010111
01010100110001011000100001010010
01010010010011110101001000100101
01010010101010010010000000000000
01010011100101110011000000000000
01011100000010101101111000000000
01011100101000111100000000000000
01001100011000100010111000000000
01010011000111110001111001001100
01001001001000010000111001000010
01001111010100000000001000000001
01010001110001001001101110100110
01011011100100100001000000000000
01001110100011111011000000000000
01100011010001011000000100000000
01010000001100101101101000000110
01000111000000110001001001110101
01011001110000110111100000000000
01011011001100010110000000010110
01101010110100000100100000000000
01010000101010011111010100100011
01010101000110110100101000000000
01010101010000101000111111101011
01010100100100001011000000111001
01010001010110010001101010001011
01001100111010111100000000010101
01011110000100101110010000000001
01010010100100110111010011010101
01010110000110010110011000000000
01010110010001101010011111110000
01100000000001100001001000000000
01010011010011001010111000000000
01010001011101110100010001001001
01100100101000100101111100000000
01010111100010010110010011111110
01000000100001010011100110010011
01001011001100110100110100000010
01010101110001011000011000000000
01001100000111011100101100101100
01001011000101010100010000000010
01011100001010101001000100000000
01000100100010111001011001001110
01001000101010001101001111100111
01001110000011011111110000000010
01001111111101010011010010001011
01011101011100100110111000111011
01001110110001001111110010011010
01011010010100011100111000000000
01011000000101111111000000000000
01001110100010000000101000011001
01010110011001001011010000000000
01001100110111100111100011111000
01010001101001010100100100111111
01010100011010111000010101100000
01001010000001000011110111001011
01100011010000010111110000000000
01011000010011001100100100000000
01010111111000111101000000000001
01011001101000100101111100000000
01100100001001110011110100000000
01010001101000110100101100101011
01010101010100010101100000000110
01001111100011010101000000000000
01010000110111110100001110111110
01100110010011001100100100000000
01011000010001111101010000000110
01011001001001111101100010001111
01001110010011001100110011010100
01001111101001011010011000000111
01101000011101110100110000000000
01011001100001011001100000000000
01011010101101000100010010011000
01010111010101110100000000000000
01010100000101010111001111110000
01010001011011100100011001100110
01001010000010100011001001000110
01011011100110000010011000000000
01010110010000000110100000011110
01011000001001010100100000000000
01001101011100111010101110110010
01010100100010110100001110010110
01100010101110000001100000000000
01010011110111000101110111100011
01000101110001001001111001011010
01010000101101101110000000000000
01011011101001110111100000000000
01001111001011010101000000000000
01010101101100000011100100000000
01010100010110110010011100010011
01010010010100001001100100111010
01001111101100010101111110000010
01010111010100001000011000000000
01001010011001111101111101101011
01000110000100000100111111100000
01100010001110011000101100000000
01001111110101011100000000000000
01100110100000110110011000000000
01010000111010100101111000000000
01000000101101100000101001000010
01010011010100110101000000000000
01001101001100010011100100110110
01011110000000110000000000000000
01011101011011000101010000000000
01010010001110100110101000011110
01010111010010110110100000101001
01010010010100001110010101100001
01010110100000010110000011010101
01011110100101011100010000000001
01011111101100110010100000000000
01010101100010111100100001110011
01001011101100000010000011000110
01011011000011111101000000000000
01011001011110111100010000000000
01010010001011101010000000000000
01001011011101111010101010101100
01000111000101111101110010110111
01001110110010001110110111110010
01010101010111011110111000010010
01011000111100111100000000000000
01011101011000110011011000000000
01011101100011000110110000000010
01001010101001000010001101011110
01000110101001011110010011011000
01011000100000010011001100000000
01010000010001011011100100111000
01011101000001110010111000000000
01010010101001100010111000000000
01010001000011110101111000000101
01000011110010001001001010001000
01100001010100011100111000000000
01100110111100000001100000000000
01100011111101010001101000000000
01010100110110010001011010100011
01011111001000000010100000000000
01010010110100001010011001001010
01001001100100001110100010011100
01011111011101011101001000000000
01011100110111010100010000000000
01100011111001110001100000000000
01010010000100100000010001010010
01010001101100001010100100000001
01001011100101100111001000000011
01001010100001010101000100110101
01011000001100101111110001000010
01010111110111100001011000000000
01001101100100101010101000010100
01001100000100110111001000000011
01011100100110010111110000000000
01011110100100001010110000000000
01100110110110100010001000000000
01001101001001111101100011110010
01001010010101001010011000000010
01001000001100011101111100001010
01010100110111101101011001110111
01010010111110000111110011111110
01010110000111111010100000000000
01010000110001001001101110100110
01011101000001011100101100000000
01011110001101110110000100000000
01001101100011100000001000000111
01011000010001001111111000000000
01010100100111110011101000000000
01010011010011001101000101101111
01010110011010000101001011100001
01010111111001101010011100101011
01000111110001100110000000100010
01001001001000101111000100101111
01001111111111010111000110000101
01011111011001101100101000000000
01011101001010001101010110001101
01010001000001000001111101000101
01001001000011111001001000010000
01000111110100001000011001010110
01100110000100011010000000000000
01001100001100011011100001011000
01011100010001011000100000000000
01001100001010100001010011010011
01100011111011000101010000000000
01001000100101011101110010010011
01011001001010001100000000000000
01011101010111010000000000000000
01000111111111010000011000011111
01010111110110011111111000000000
01101001111101011011111000000000
01010010101100000000100000000000
01010011111011011001111101010010
01001110001111011010000110011100
01011010011101011010000000000000
01100010011000101111011000000000
01001011010101001111110111110101
01011010001100110100110100000000
01001001110100101111010011111110
01010000101111111001010000000000
01001101101011101010111100011011
01001010101100010010100111110110
01011010010000000110001000000000
01100011101011100100100000000000
01001100111111011111001110111010
01100010101100001101000000000000
01001110000111101100101110000110
01011000000010000111010000000000
01010111001101111001100000000000
01001100110010110110101110010110
01010011001011100110001000000000
01001110011001010110000001000010
01001001111001010110000001001100
01010101001010110000110000000000
01000111101000001110101110000111
01011011000011001111000011011001
01101000100110001000000000000000
01001011110000110101001111110100
01010111010001111101010101011000
01011111000000011010110000010010
01010001100000110000010001100011
01100101010111100001011000000000
01010011100100100111110000000000
01001100000111000111001011010000
01001010100100000100111000101101
01001111110000011101100100000110
01001101101111000110101010001110
01011010110011111100001000000000
01001100010100110101110010101100
01011100001101001010100000000000
01001001110011000110101001111001
01001110100100100001000000000000
01011011001100010011100100011110
01100010101100101011001100000000
01010010001010010110100000000000
01010101000110110010000010100000
01011111100010010001110000000001
01001101000010000000111010001011
01000101001100000111100111000011
01100110111010001000110000000000
01010000110110101000010011111000
01010110011110011101101111100000
01100011000000110010111000000000
01001000011001110110110100010000
01100111100111010111000000000000
01100110010011001011001000000000
01010011001000111100010000000000
01010111101100100011101100000001
01100001011010010011010000000000
01010000100011111010001000001101
01010011110111001011011000000000
01010111110111111010001000000000
01010100101101011010010000001110
01011000111111111101110000000000
01001110100111001110010110100100
01011101001001111101100000000000
01100100100010101011100000000000
01000111000111000101011110100100
01010111110010011101011101011000
01100001010011010110001000000001
01001110010000001000010011000110
01001100000111000100101010100110
01000111010001010111101000001110
01010000101011000011100001101000
01010100110110101000000000000000
01010010101100001111100100000000
01010101000111101101000000000000
01010011101110010000001000000000
01010001011110100011000010011100
01011000000100111111110000000000
01011010100011010001111000000000
01010010110001111100001001101101
01001011001100000001110000101001
01100100000011111000111000000000
01010000101000111100000000000000
01010011100000001010110000000101
01010100011001010110000011011101
01100011000111110011101000000000
01001001111010001110111001110100
01010110110010010011100011001101
01010000100110000111100000101001
01100111001100011011100000000000
01010011100110001010000100000110
01011111010011101001101000001101
01010011001111110110011010011000
01001001000110011011110100100111
01010010110001111000000000000000
01001110100101001000010100101011
01100010000100010110110000000000
01011001100010001111101000000000
01100001110100110101011000000000
01010000101111000011111101100100
01011000001100000000000010110110
01001001100011100000110000011101
01001100100111110010101001011110
01001011111111100010111011010111
01010000011100100100010001100110
01010011111000010100011110101111
01001001011001010110010100110001
01010000011100011100000010010011
01001011010111101001001010010011
01010111111110010011011000000000
01000000110010100011101111110000
01010010101110111100010000000001
01101001111100111001010000000000
01010101001110001110010001001000
01011100111011000110101000000000
01010100110001001001101111001100
01011101010000011110000000000000
01011101100010101000010000000000
01011010101010100010100111001111
01001010101010101001000011110110
01011111001111101011100100000011
01010111011110110110000001000010
01001111010010011001111000000000
01000010110001001100101010001100
01001011011101110000001001010110
01001001001010010100011001101001
01010010011000010101000001001011
01101010010011000010100000000000
01010111100100001010110000000000
01010010000101110100000111101100
01001110010011101111100010000011
01011010011101001001111000000000
01101001101001001000100000000000
01100000111001000000011000000000
01001011001100000011100010000000
01011110111101101110011000000000
01001010100000010110101000010110
01010011000000101100000000110110
01001101100111111110100000000000
01100000011111000101100000000000
01010100011101110100100000000000
01010100111011000100000000000010
01001101110001011000110101001010
01011101101101000010000000000000
01100110000101010100010000000000
01100111011111000110100000000000
01010101100010110111010000000000
01100000111000011011100000000000
01010001100110010111110000000000
01011011000010100010101000000000
01010100111110110001111100001011
01010101000101110010110000000001
01000110101011101010001011110010
01010100011001010110000001000010
01011110101100000100000000000000
01000101001001000011011111001100
01001011101101000100100100011001
01010110011011011101001000000000
01010011011010100101111000000100
01010101010101000001001011110110
01010101011111011111001110110111
01100000110000101101100000000000
01011000010100011010000000000000
01011100000110101100100000000000
01001111110101001111111001101101
01010001010011000100010110000001
01000111110010000001111110011110
01010001110101110011110000000000
01101000100000000010101000000000
01010001101011000110000101010000
01010000000001100000111111001111
01011000100010000000111000000000
01011010100011011001100000001110
01010110001110000001100110000100
01010101110110000011000000010000
01100010110100001000011000000000
01011010010101110000000000000000
01010101000010001111101110001101
01000111001111100011000011101100
01001011011010011111000000000100
01100101000101111111000000000000
01010110010001100111100000000000
01001011001100010001010100110101
01000111100001011101010010011100
01010101011011000101100100010111
01011000011001010010001000000000
01010001010111011110010011101110
01011111100010100001000000000000
01011010101010000101011100000000
01010000111000101000101101100100
01010011100101111001100100110011
01100111111111010000000000000000
01100000000110111001000000000000
01011010100010111010111000110101
01010010111101011100001010100000
01001011001011111000111100000001
01001011001111110110001000000000
01001001110000011110110000011000
01100001110101011110111000000000
01001010100001000011000000000101
01001101001101010101000101110011
01010001001111100001110010101100
01010111101100100010100001100010
01001101001101110001011110000101
01001111111101010111101100010010
01001101000000000010111111011100
01001101000010101000001101111001
01010110000000100000101101110101
01011110101010100010100000000000
01011100001101101101000000000000
01010010110100110101100100001100
01010111000000111110111011101001
01010111001111001010111111101000
01001101101011011100000000000000
01001000010110010000001011011001
01011101101001111001010000000000
01011110101010000010110000000100
01101001000101100111001000000000
01100111000100101100001000000000
01010110010110011111111000000000
01010101001010100100011100100001
01100100011001111001000000000000
01010100100100010110110000101111
01011111100001111011010000000000
01101001110011101010000000000000
01001001110011001110001100111111
01001111101100001011110000101001
01010100000000010000011111101010
01001110101110000011100000000000
01100001110101001000000000000000
01011011101001101100001100011011
01010100010110001111000000000000
01011000111000100010111000000011
01000111100111111111011000000100
01010011011101011100101000000000
01001000011000001110101000101001
01010010110100010011011010101000
01010010100100001101101011000101
01001101110011100000111000000001
01011000100001111101110011000001
01010101111100010001000000000000
01000111010111010111110100110110
01001111011001001000101000000000
01100011111111010010000000000000
01100100010101100001101000000000
01100101000101110011000000000000
01001010110110010110110001000001
01010111010010011001111000000000
01011110111000101111011000000000
01010100100000010011101000000000
01011111011110111100010000000000
01010001111110001010111000000001
01011110110011101010001100000000
01011010010100101111000000001110
01010010101111100111011011001011
01010010101011100110100100110001
01010011110110011111111000000000
01100001111010111010011000000000
01011101010011101011100001110100
01010000001001111110111110110010
01010100010011101001101000000000
01001110011001010110000001101011
01010100110111100001010000000000
01000010000001110010100001110001
01010000011100011011110110110111
01010111110000000110001000000000
01010010001111000110101010000000
01101011110111101011101000000000
01010101001110100011101000010101
01011010101111100101000000000000
01010000010011000010110101010000
01011111000110101100001000000000
01010001011001111111000001101100
01011100111011111111111000000000
01010001000110011100000000000001
01010010011011111001110110110111
01100111101001110101110100000000
01001101011100011010101000110110
01010110111101001001111000000000
01011011010100010000000000000000
01010001010100110101011000010000
01100011110110011111111000000000
01001000000101000010111111010001
01010101010000100001110110100000
01001100000101000010110011110101
